$NOD
113
1 0 0 0
2 4 0 0
3 4 4 0
4 0 4 0
5 2 2 0
6 2.5 2 0
7 1.5 2 0
8 0.4999999999990952 0 0
9 0.9999999999976482 0 0
10 1.49999999999619 0 0
11 1.999999999994776 0 0
12 2.49999999999605 0 0
13 2.999999999997367 0 0
14 3.499999999998683 0 0
15 4 0.4999999999990952 0
16 4 0.9999999999976482 0
17 4 1.49999999999619 0
18 4 1.999999999994776 0
19 4 2.49999999999605 0
20 4 2.999999999997367 0
21 4 3.499999999998683 0
22 3.499999999998004 4 0
23 3.000000000001386 4 0
24 2.500000000004855 4 0
25 2.000000000008237 4 0
26 1.500000000006242 4 0
27 1.000000000004162 4 0
28 0.500000000002081 4 0
29 0 3.499999999998004 0
30 0 3.000000000001386 0
31 0 2.500000000004855 0
32 0 2.000000000008237 0
33 0 1.500000000006242 0
34 0 1.000000000004162 0
35 0 0.500000000002081 0
36 2.353553389622573 2.353553391563975 0
37 1.999999997147286 2.5 0
38 1.646446608133974 2.353553389320522 0
39 1.646446610366405 1.646446608447047 0
40 2.000000002575807 1.5 0
41 2.353553391381276 1.646446610194728 0
42 1.644669495998267 2.794498693322054 0
43 1.389502784012008 2.513051729736861 0
44 2.355330503592409 1.205501306380457 0
45 2.610497215666292 1.486948269881758 0
46 1.205501305251599 1.644669497006799 0
47 1.486948269231072 1.389502784750642 0
48 2.794498694692467 2.355330503010693 0
49 2.513051730646695 2.610497215330081 0
50 1.327510399817307 3.039984879077204 0
51 2.672489599749079 0.9600151204822038 0
52 0.9600151184694141 1.327510400648799 0
53 3.039984881479015 2.672489599470028 0
54 3.02023982535378 1.272547088264495 0
55 3.087966283523585 1.632778473304934 0
56 0.9797601743471187 2.727452911249769 0
57 0.9120337162921439 2.367221526284775 0
58 1.272547086576158 0.9797601749315824 0
59 1.632778472492793 0.9120337168048172 0
60 2.727452913283022 3.02023982521889 0
61 2.367221527224009 3.087966283274577 0
62 0.7382311424381742 3.552685029172863 0
63 3.26176885736961 0.4473149705078396 0
64 0.447314968915431 0.7382311428219954 0
65 3.55268503107346 3.261768857301248 0
66 3.533868681733012 1.382205098489789 0
67 1.38220509737114 0.4661313184160261 0
68 0.4661313181207491 2.617794901178558 0
69 2.617794902487257 3.533868681685507 0
70 1.567470594054801 3.323830281330644 0
71 2.432529405528895 0.6761697184190176 0
72 0.6761697169113732 1.567470594645288 0
73 3.323830283039003 2.432529405334205 0
74 3.447411027814465 1.823979832399747 0
75 0.552588972117579 2.176020167144746 0
76 1.823979831705111 0.552588972477392 0
77 2.176020167794437 3.447411027594399 0
78 0.8131990479970741 3.140220336173195 0
79 3.186800951688444 0.8597796633352437 0
80 3.140220338874354 3.186800951587774 0
81 0.8597796610772757 0.8131990485989253 0
82 3.225848968555851 2.891309013696125 0
83 0.7741510314043391 1.108690986450061 0
84 2.891309013889858 0.7741510335159838 0
85 1.108690985740866 3.22584896604231 0
86 3.081152329345408 2.109694361812786 0
87 2.109694362013118 0.9188476715162214 0
88 0.9188476705701312 1.890305638019481 0
89 1.890305637586783 3.081152328368005 0
90 1.733849709049209 3.570369375714576 0
91 2.266150290632384 0.4296306241866733 0
92 3.570369376622758 2.266150290657502 0
93 0.4296306233275383 1.733849709230149 0
94 0.3894591457496838 3.339470529370169 0
95 3.610540854113901 0.6605294703730444 0
96 0.6605294691447837 0.3894591460038881 0
97 3.339470530835947 3.610540854092895 0
98 2.845167202588703 1.793522797386186 0
99 1.154832797236689 2.206477202325052 0
100 2.206477202289548 2.845167202214144 0
101 1.793522797439867 1.15483279779457 0
102 0.4999258349632214 1.223318599139566 0
103 3.500074165011186 2.77668140093327 0
104 2.776681401064283 0.4999258364137686 0
105 1.223318598662441 3.500074163305952 0
106 3.580904072926519 0.9597915817161176 0
107 0.4190959269229609 3.040208418007278 0
108 0.9597915805267117 0.4190959272025626 0
109 3.040208419425618 3.580904072897189 0
110 0.4275677143122672 3.71719892557138 0
111 3.572432285625118 0.2828010743121906 0
112 0.2828010737316206 0.4275677144392203 0
113 3.717198926263974 3.572432285604608 0
$ENDNOD
$ELM
139
1 15 0 1 1 1
2 15 0 2 1 2
3 15 0 3 1 3
4 15 0 4 1 4
5 15 0 5 1 5
6 15 0 6 1 6
7 15 0 7 1 7
8 1 0 1 2 1 8
9 1 0 1 2 8 9
10 1 0 1 2 9 10
11 1 0 1 2 10 11
12 1 0 1 2 11 12
13 1 0 1 2 12 13
14 1 0 1 2 13 14
15 1 0 1 2 14 2
16 1 0 2 2 2 15
17 1 0 2 2 15 16
18 1 0 2 2 16 17
19 1 0 2 2 17 18
20 1 0 2 2 18 19
21 1 0 2 2 19 20
22 1 0 2 2 20 21
23 1 0 2 2 21 3
24 1 0 3 2 3 22
25 1 0 3 2 22 23
26 1 0 3 2 23 24
27 1 0 3 2 24 25
28 1 0 3 2 25 26
29 1 0 3 2 26 27
30 1 0 3 2 27 28
31 1 0 3 2 28 4
32 1 0 4 2 4 29
33 1 0 4 2 29 30
34 1 0 4 2 30 31
35 1 0 4 2 31 32
36 1 0 4 2 32 33
37 1 0 4 2 33 34
38 1 0 4 2 34 35
39 1 0 4 2 35 1
40 1 0 5 2 6 36
41 1 0 5 2 36 37
42 1 0 5 2 37 38
43 1 0 5 2 38 7
44 1 0 6 2 7 39
45 1 0 6 2 39 40
46 1 0 6 2 40 41
47 1 0 6 2 41 6
48 3 0 1 4 68 31 32 75
49 3 0 1 4 66 17 18 74
50 3 0 1 4 67 10 11 76
51 3 0 1 4 69 24 25 77
52 3 0 1 4 105 70 90 26
53 3 0 1 4 104 71 91 12
54 3 0 1 4 103 73 92 19
55 3 0 1 4 102 72 93 33
56 3 0 1 4 89 77 90 70
57 3 0 1 4 87 76 91 71
58 3 0 1 4 86 74 92 73
59 3 0 1 4 88 75 93 72
60 3 0 1 4 109 97 22 23
61 3 0 1 4 108 96 8 9
62 3 0 1 4 106 95 15 16
63 3 0 1 4 107 94 29 30
64 3 0 1 4 13 14 111 63
65 3 0 1 4 27 28 110 62
66 3 0 1 4 34 35 112 64
67 3 0 1 4 20 21 113 65
68 3 0 1 4 77 61 60 69
69 3 0 1 4 76 59 58 67
70 3 0 1 4 74 55 54 66
71 3 0 1 4 75 57 56 68
72 3 0 1 4 67 108 9 10
73 3 0 1 4 69 109 23 24
74 3 0 1 4 66 106 16 17
75 3 0 1 4 68 107 30 31
76 3 0 1 4 76 11 12 91
77 3 0 1 4 77 25 26 90
78 3 0 1 4 74 18 19 92
79 3 0 1 4 75 32 33 93
80 3 0 1 4 37 42 43 38
81 3 0 1 4 6 48 49 36
82 3 0 1 4 40 44 45 41
83 3 0 1 4 7 46 47 39
84 3 0 1 4 60 49 48 53
85 3 0 1 4 58 47 46 52
86 3 0 1 4 54 45 44 51
87 3 0 1 4 56 43 42 50
88 3 0 1 4 80 60 53 82
89 3 0 1 4 81 58 52 83
90 3 0 1 4 79 54 51 84
91 3 0 1 4 78 56 50 85
92 3 0 1 4 58 59 101 47
93 3 0 1 4 60 61 100 49
94 3 0 1 4 56 57 99 43
95 3 0 1 4 54 55 98 45
96 3 0 1 4 53 48 86 73
97 3 0 1 4 52 46 88 72
98 3 0 1 4 51 44 87 71
99 3 0 1 4 50 42 89 70
100 3 0 1 4 77 89 100 61
101 3 0 1 4 76 87 101 59
102 3 0 1 4 75 88 99 57
103 3 0 1 4 74 86 98 55
104 3 0 1 4 26 27 62 105
105 3 0 1 4 12 13 63 104
106 3 0 1 4 33 34 64 102
107 3 0 1 4 19 20 65 103
108 3 0 1 4 107 78 62 94
109 3 0 1 4 106 79 63 95
110 3 0 1 4 109 80 65 97
111 3 0 1 4 108 81 64 96
112 3 0 1 4 28 4 29 110
113 3 0 1 4 14 2 15 111
114 3 0 1 4 35 1 8 112
115 3 0 1 4 21 3 22 113
116 3 0 1 4 37 36 49 100
117 3 0 1 4 40 39 47 101
118 3 0 1 4 7 38 43 99
119 3 0 1 4 6 41 45 98
120 3 0 1 4 48 6 98 86
121 3 0 1 4 46 7 99 88
122 3 0 1 4 44 40 101 87
123 3 0 1 4 42 37 100 89
124 3 0 1 4 54 79 106 66
125 3 0 1 4 56 78 107 68
126 3 0 1 4 58 81 108 67
127 3 0 1 4 60 80 109 69
128 3 0 1 4 52 72 102 83
129 3 0 1 4 53 73 103 82
130 3 0 1 4 51 71 104 84
131 3 0 1 4 50 70 105 85
132 3 0 1 4 81 83 102 64
133 3 0 1 4 79 84 104 63
134 3 0 1 4 78 85 105 62
135 3 0 1 4 80 82 103 65
136 3 0 1 4 62 110 29 94
137 3 0 1 4 63 111 15 95
138 3 0 1 4 64 112 8 96
139 3 0 1 4 65 113 22 97
$ENDELM