$NOD
53
1 0 0 0
2 4 0 0
3 4 4 0
4 0 4 0
5 2 2 0
6 2.5 2 0
7 1.5 2 0
8 0.9999999999976482 0 0
9 1.999999999994776 0 0
10 2.999999999997367 0 0
11 4 0.9999999999976482 0
12 4 1.999999999994776 0
13 4 2.999999999997367 0
14 3.000000000001386 4 0
15 2.000000000008237 4 0
16 1.000000000004162 4 0
17 0 3.000000000001386 0
18 0 2.000000000008237 0
19 0 1.000000000004162 0
20 2.353553389622573 2.353553391563975 0
21 1.999999997147286 2.5 0
22 1.646446608133974 2.353553389320522 0
23 1.646446610366405 1.646446608447047 0
24 2.000000002575807 1.5 0
25 2.353553391381276 1.646446610194728 0
26 1.302548725019298 2.224792579898008 0
27 2.698152786542956 1.775514214702192 0
28 1.77556046679265 1.301805191451128 0
29 2.35504402632702 1.278075038593014 0
30 1.646667657668559 2.72199768150175 0
31 2.222167599642151 2.699663915383827 0
32 1.27822084049591 1.645021142788861 0
33 2.721579055094001 2.355153868432219 0
34 2.882792853782358 0.9665115531119184 0
35 1.117878781303117 3.03371197508563 0
36 0.9665527623755142 1.117216478120396 0
37 3.033228024736331 2.882869584978347 0
38 0.6407755114243686 1.874492985542693 0
39 2.125590590666006 0.6406114173961258 0
40 1.874751964442238 3.359623540150763 0
41 3.359297936440552 2.125580726702289 0
42 2.497024649919251 3.18544059733712 0
43 3.420378874183672 2.622572986175513 0
44 1.502797312971988 0.8148179546991119 0
45 0.5795681634671295 1.377449887745986 0
46 3.185142212525796 1.502773770587715 0
47 1.377925346121527 3.42065627327261 0
48 2.622575056466034 0.5795142448459707 0
49 0.8152711977916116 2.497383567125117 0
50 0.7289214034989308 3.310941738818504 0
51 3.27126446788761 0.6891727252282359 0
52 0.6891753874240557 0.728734685378171 0
53 3.310824824744377 3.271184165059106 0
$ENDNOD
$ELM
71
1 15 0 1 1 1
2 15 0 2 1 2
3 15 0 3 1 3
4 15 0 4 1 4
5 15 0 5 1 5
6 15 0 6 1 6
7 15 0 7 1 7
8 1 0 1 2 1 8
9 1 0 1 2 8 9
10 1 0 1 2 9 10
11 1 0 1 2 10 2
12 1 0 2 2 2 11
13 1 0 2 2 11 12
14 1 0 2 2 12 13
15 1 0 2 2 13 3
16 1 0 3 2 3 14
17 1 0 3 2 14 15
18 1 0 3 2 15 16
19 1 0 3 2 16 4
20 1 0 4 2 4 17
21 1 0 4 2 17 18
22 1 0 4 2 18 19
23 1 0 4 2 19 1
24 1 0 5 2 6 20
25 1 0 5 2 20 21
26 1 0 5 2 21 22
27 1 0 5 2 22 7
28 1 0 6 2 7 23
29 1 0 6 2 23 24
30 1 0 6 2 24 25
31 1 0 6 2 25 6
32 3 0 1 4 17 49 35 50
33 3 0 1 4 11 46 34 51
34 3 0 1 4 8 44 36 52
35 3 0 1 4 14 42 37 53
36 3 0 1 4 16 47 40 15
37 3 0 1 4 10 48 39 9
38 3 0 1 4 19 45 38 18
39 3 0 1 4 13 43 41 12
40 3 0 1 4 17 18 38 49
41 3 0 1 4 11 12 41 46
42 3 0 1 4 8 9 39 44
43 3 0 1 4 14 15 40 42
44 3 0 1 4 11 51 10 2
45 3 0 1 4 17 50 16 4
46 3 0 1 4 8 52 19 1
47 3 0 1 4 14 53 13 3
48 3 0 1 4 26 32 23 7
49 3 0 1 4 33 31 21 20
50 3 0 1 4 32 28 24 23
51 3 0 1 4 27 33 20 6
52 3 0 1 4 31 30 22 21
53 3 0 1 4 29 27 6 25
54 3 0 1 4 28 29 25 24
55 3 0 1 4 30 26 7 22
56 3 0 1 4 33 37 42 31
57 3 0 1 4 32 36 44 28
58 3 0 1 4 29 34 46 27
59 3 0 1 4 30 35 49 26
60 3 0 1 4 30 31 42 40
61 3 0 1 4 37 33 41 43
62 3 0 1 4 29 28 44 39
63 3 0 1 4 36 32 38 45
64 3 0 1 4 35 30 40 47
65 3 0 1 4 33 27 46 41
66 3 0 1 4 34 29 39 48
67 3 0 1 4 32 26 49 38
68 3 0 1 4 16 50 35 47
69 3 0 1 4 19 52 36 45
70 3 0 1 4 10 51 34 48
71 3 0 1 4 13 53 37 43
$ENDELM
