$NOD
29
1 0 0 0
2 4 0 0
3 4 4 0
4 0 4 0
5 2 2 0
6 2.5 2 0
7 1.5 2 0
8 1.999999999994776 0 0
9 4 1.999999999994776 0
10 2.000000000008237 4 0
11 0 2.000000000008237 0
12 2.353553389622573 2.353553391563975 0
13 1.999999997147286 2.5 0
14 1.646446608133974 2.353553389320522 0
15 1.646446610366405 1.646446608447047 0
16 2.000000002575807 1.5 0
17 2.353553391381276 1.646446610194728 0
18 1.138171832263249 3.133184536050509 0
19 2.861828167651929 0.866815463842301 0
20 0.8668154640618321 1.138171832510869 0
21 3.133184535920952 2.861828167482108 0
22 0.8601433807616777 2.47555521106514 0
23 1.524444789566206 0.8601433808430574 0
24 2.475555210352197 3.139856619147494 0
25 3.139856619164119 1.524444788856297 0
26 0.8058384838342949 1.604437093779541 0
27 2.395562906878652 0.8058384837756838 0
28 3.194161516152376 2.395562906211796 0
29 1.604437092978472 3.194161516144999 0
$ENDNOD
$ELM
43
1 15 0 1 1 1
2 15 0 2 1 2
3 15 0 3 1 3
4 15 0 4 1 4
5 15 0 5 1 5
6 15 0 6 1 6
7 15 0 7 1 7
8 1 0 1 2 1 8
9 1 0 1 2 8 2
10 1 0 2 2 2 9
11 1 0 2 2 9 3
12 1 0 3 2 3 10
13 1 0 3 2 10 4
14 1 0 4 2 4 11
15 1 0 4 2 11 1
16 1 0 5 2 6 12
17 1 0 5 2 12 13
18 1 0 5 2 13 14
19 1 0 5 2 14 7
20 1 0 6 2 7 15
21 1 0 6 2 15 16
22 1 0 6 2 16 17
23 1 0 6 2 17 6
24 3 0 1 4 13 29 18 14
25 3 0 1 4 16 27 19 17
26 3 0 1 4 7 26 20 15
27 3 0 1 4 6 28 21 12
28 3 0 1 4 10 24 21 3
29 3 0 1 4 8 23 20 1
30 3 0 1 4 11 22 18 4
31 3 0 1 4 9 25 19 2
32 3 0 1 4 4 18 29 10
33 3 0 1 4 2 19 27 8
34 3 0 1 4 1 20 26 11
35 3 0 1 4 3 21 28 9
36 3 0 1 4 7 22 11 26
37 3 0 1 4 16 23 8 27
38 3 0 1 4 6 25 9 28
39 3 0 1 4 13 24 10 29
40 3 0 1 4 19 25 6 17
41 3 0 1 4 18 22 7 14
42 3 0 1 4 21 24 13 12
43 3 0 1 4 20 23 16 15
$ENDELM